{
  "s_Name": null,
  "Level": 20,
  "Skill_Point": 14,
  "CurExp": 140.0,
  "MaxExp": 2000.0,
  "MaxHp": 480.0,
  "MaxMp": 115.0,
  "Str": 24.0,
  "Int": 24.0,
  "Pos_x": -61.4456635,
  "Pos_y": 0.40176034,
  "Pos_z": 48.93606,
  "Rot_y": 109.600227,
  "Gold": 278
}