{
  "s_Name": null,
  "Level": 15,
  "Skill_Point": 8,
  "CurExp": 1730.0,
  "MaxExp": 1780.0,
  "MaxHp": 240.0,
  "MaxMp": 48.0,
  "Str": 19.0,
  "Int": 19.0,
  "Pos_x": 88.91897,
  "Pos_y": 1.26698458,
  "Pos_z": -172.762878,
  "Rot_y": 284.194122,
  "Gold": 1933
}